91.273026
48.17596
156.3785
161.79745
0.0
65.0
91.55951
48.435806
155.96916
162.46664
7.5706105
58.814426
91.84599
48.67029
155.57535
163.09494
14.70034
53.2175
92.13247
48.882057
155.1975
163.68456
21.414871
48.15318
92.418945
49.073475
154.83582
164.23766
27.738375
43.5708
92.70542
49.246616
154.49031
164.75632
33.693626
39.42449
92.991905
49.40341
154.16096
165.24245
39.302074
35.672756
93.27838
49.54549
153.84753
165.69795
44.583908
32.278046
93.56486
49.67435
153.54968
166.12466
49.558155
29.206383
93.85134
49.79135
153.26709
166.52425
54.24272
26.42703
94.13782
49.897682
152.99934
166.89833
58.65448
23.912165
94.42429
49.994373
152.74593
167.24847
62.80932
21.63662
94.71078
50.08239
152.50632
167.57608
66.7222
19.577623
94.99725
50.16261
152.28001
167.88258
70.40722
17.714563
95.28373
50.235764
152.06651
168.16925
73.87763
16.028805
95.570206
50.302544
151.8652
168.43733
77.14594
14.503459
95.85669
50.363567
151.67558
168.68797
80.22392
13.123276
96.143166
50.41937
151.49712
168.92226
83.12265
11.87443
96.42965
50.470436
151.3292
169.14125
85.85258
10.744427
96.716125
50.5172
151.17131
169.3459
88.42353
9.721961
97.0026
50.560093
151.02298
169.53712
90.84475
8.796792
97.28908
50.59945
150.88371
169.71574
93.12498
7.9596667
97.575554
50.635586
150.75298
169.88263
95.27241
7.202202
97.86204
50.668777
150.6303
170.03848
97.294785
6.5168266
98.14852
50.699314
150.51529
170.18402
99.199394
5.896666
98.435
50.727417
150.40747
170.31993
100.99307
5.335525
98.72147
50.753284
150.3064
170.44688
102.68231
4.8277826
99.00795
50.77714
150.21178
170.56537
104.27317
4.3683567
99.29444
50.79912
150.12314
170.676
105.771385
3.9526577
99.58092
50.81941
150.04018
170.77924
107.18234
3.5765054
99.86739
50.838142
149.96251
170.87561
108.51115
3.2361572
100.15388
50.855442
149.88986
170.96559
109.76256
2.9281976
100.44035
50.871414
149.82185
171.04953
110.94109
2.6495395
100.72683
50.88621
149.75833
171.12788
112.050995
2.3974032
101.01331
50.899883
149.69888
171.20102
113.09626
2.1692612
101.29979
50.912548
149.64333
171.26923
114.080666
1.9628323
101.586266
50.924267
149.59138
171.3329
115.00771
1.7760404
101.87275
50.935127
149.54285
171.39229
115.88082
1.6070274
102.159225
50.945187
149.49748
171.4477
116.70305
1.4540994
102.4457
50.954502
149.45511
171.49942
117.4774
1.3157266
102.73218
50.963158
149.41554
171.54759
118.206665
1.1905156
103.01866
50.971176
149.37856
171.59264
118.89345
1.0772233
103.30514
50.978626
149.34406
171.63455
119.54025
0.974709
103.59162
50.985542
149.31183
171.67372
120.149376
0.88195497
103.8781
50.991943
149.2817
171.71025
120.72303
0.7980256
104.16457
50.997917
149.25362
171.74431
121.26328
0.72208756
104.45105
51.00346
149.22739
171.7761
121.772064
0.65336907
104.73753
51.008606
149.2029
171.8057
122.25123
0.59119385
105.02401
51.013374
149.18001
171.83334
122.702484
0.53493357
105.31049
51.017826
149.1587
171.8591
123.12744
0.48402816
105.59697
51.021946
149.13878
171.88318
123.5277
0.43796536
105.883446
51.025803
149.12021
171.90558
123.904594
0.39628756
106.16992
51.02938
149.10289
171.9265
124.25957
0.3585781
106.45641
51.032703
149.08672
171.94598
124.593864
0.32445446
106.74289
51.035793
149.07161
171.96419
124.90869
0.29358202
107.029366
51.038673
149.05754
171.98116
125.205185
0.26563972
107.31585
51.041355
149.04439
171.99696
125.48441
0.24036118
107.60232
51.04383
149.03212
172.01173
125.74738
0.21748687
107.88881
51.04617
149.02069
172.02547
125.99503
0.19679141
108.175285
51.048325
149.01003
172.03828
126.22826
0.17806302
108.46176
51.050327
149.00005
172.05028
126.44792
0.16111733
108.74824
51.05221
148.9908
172.06143
126.65478
0.14578356
109.03472
51.053963
148.98215
172.07182
126.84959
0.13191144
109.3212
51.055565
148.97404
172.08151
127.033066
0.119357556
109.60767
51.057087
148.96654
172.09058
127.20584
0.107998945
109.89416
51.05851
148.95952
172.09898
127.36856
0.097726345
110.18063
51.059803
148.95294
172.10686
127.5218
0.088423625
110.46711
51.06103
148.94684
172.11421
127.666115
0.080008835
110.75359
51.06217
148.94112
172.12103
127.802025
0.07239317
111.04007
51.063236
148.93584
172.12741
127.93003
0.06550834
111.326546
51.064228
148.93088
172.13335
128.05057
0.05927238
111.61302
51.06514
148.92624
172.1389
128.16408
0.053630643
111.899506
51.066013
148.92195
172.14407
128.27103
0.048528492
112.18598
51.066795
148.9179
172.1489
128.3717
0.043911286
112.472466
51.067543
148.91415
172.15338
128.46652
0.03973121
112.75895
51.068253
148.91069
172.15756
128.55582
0.035947286
113.04543
51.068886
148.90741
172.16148
128.63994
0.03252536
113.331894
51.06948
148.90434
172.16513
128.71915
0.029431283
113.618385
51.070065
148.90155
172.16852
128.79373
0.026630906
113.90486
51.07058
148.89888
172.17168
128.86398
0.024096906
114.19134
51.07109
148.89645
172.17464
128.93013
0.021801963
114.47782
51.071533
148.89413
172.1774
128.99243
0.019732416
114.76429
51.071953
148.892
172.17996
129.05112
0.017854113
115.05078
51.072353
148.89001
172.18234
129.10638
0.016153397
115.337265
51.072723
148.88814
172.18459
129.15842
0.014616604
115.62373
51.073067
148.8864
172.18668
129.20743
0.013230076
115.91021
51.07339
148.88477
172.18863
129.25357
0.011966491
116.19669
51.073673
148.88322
172.19043
129.29704
0.010825849
116.48316
51.073967
148.88185
172.19212
129.33798
0.009801321
116.769646
51.074223
148.88052
172.19368
129.37654
0.008865586
117.056114
51.07444
148.87929
172.19516
129.41283
0.008018642
117.342606
51.07469
148.87817
172.19653
129.44704
0.007253661
117.62909
51.0749
148.8771
172.1978
129.47923
0.0065638116
117.915565
51.0751
148.87613
172.19897
129.50957
0.0059422646
118.20206
51.075283
148.8752
172.2001
129.53812
0.0053753587
118.48852
51.075443
148.8743
172.20114
129.56502
0.0048630945
118.77501
51.075596
148.8735
172.20209
129.59035
0.0043986416
119.06148
51.075764
148.87277
172.203
129.61421
0.003982
119.34796
51.075882
148.87206
172.20384
129.63667
0.0036063397
119.63444
51.076015
148.8714
172.20462
129.65782
0.0032648304
119.92092
51.076157
148.87082
172.20535
129.67776
0.0029506416
120.20739
51.076244
148.87022
172.20604
129.69653
0.0026706038
120.49388
51.07636
148.8697
172.20665
129.7142
0.0024178869
120.78034
51.076458
148.86922
172.20723
129.73085
0.0021856604
121.06683
51.076538
148.86873
172.2078
129.74652
0.0019807548
121.35331
51.076633
148.86833
172.2083
129.76128
0.0017895096
121.63979
51.076714
148.86794
172.20879
129.77518
0.0016187548
121.92626
51.07677
148.86752
172.20921
129.78828
0.0014616605
122.21275
51.076855
148.86722
172.20964
129.8006
0.0013250567
122.499214
51.07691
148.86687
172.21005
129.81223
0.0012021132
122.785706
51.07698
148.86658
172.2104
129.82315
0.001086
123.07219
51.077034
148.86629
172.21074
129.83345
9.835472E-4
123.358665
51.077072
148.86601
172.21106
129.84315
8.879246E-4
123.64514
51.077133
148.86578
172.21133
129.85228
8.059623E-4
123.93162
51.07718
148.86555
172.21162
129.86089
7.3083024E-4
124.21809
51.07721
148.86534
172.21188
129.86899
6.556981E-4
124.50458
51.077263
148.86516
172.2121
129.87662
5.9422647E-4
124.79106
51.077797
148.86241
172.2154
129.8838
5.3958496E-4
124.79106
51.050335
149.00014
172.0502
129.8838
5.3958496E-4
124.79106
51.02233
149.13702
171.88533
129.8838
5.3958496E-4
124.79106
50.9938
149.27304
171.72076
129.8838
5.3958496E-4
124.79106
50.96474
149.40826
171.55647
129.8838
5.3958496E-4
124.79106
50.93516
149.54268
171.3925
129.8838
5.3958496E-4
124.79106
50.905056
149.67625
171.2288
129.8838
5.3958496E-4
124.79106
50.874428
149.80902
171.06541
129.8838
5.3958496E-4
124.79106
50.843292
149.94098
170.90231
129.8838
5.3958496E-4
124.79106
50.811634
150.07213
170.7395
129.8838
5.3958496E-4
124.79106
50.779453
150.2025
170.57697
129.8838
5.3958496E-4
124.79106
50.746773
150.33205
170.41472
129.8838
5.3958496E-4
124.79106
50.713573
150.46082
170.25275
129.8838
5.3958496E-4
124.79106
50.679882
150.58878
170.09111
129.8838
5.3958496E-4
124.79106
50.645668
150.71596
169.9297
129.8838
5.3958496E-4
124.79106
50.61096
150.84238
169.76859
129.8838
5.3958496E-4
124.79106
50.57574
150.968
169.60774
129.8838
5.3958496E-4
124.79106
50.54003
151.09285
169.44719
129.8838
5.3958496E-4
124.79106
50.50383
151.2169
169.28693
129.8838
5.3958496E-4
124.79106
50.467125
151.34021
169.12689
129.8838
5.3958496E-4
124.79106
50.429924
151.46277
168.96715
129.8838
5.3958496E-4
124.79106
50.39224
151.58453
168.80771
129.8838
5.3958496E-4
124.79106
50.354057
151.70555
168.6485
129.8838
5.3958496E-4
124.79106
50.315395
151.8258
168.4896
129.8838
5.3958496E-4
124.79106
50.276237
151.94531
168.3309
129.8838
5.3958496E-4
124.79106
50.2366
152.06407
168.17253
129.8838
5.3958496E-4
124.79106
50.19648
152.18208
168.0144
129.8838
5.3958496E-4
124.79106
50.155888
152.29936
167.85655
129.8838
5.3958496E-4
124.79106
50.11481
152.41586
167.69894
129.8838
5.3958496E-4
124.79106
50.07325
152.53166
167.54158
129.8838
5.3958496E-4
124.79106
50.03122
152.6467
167.38452
129.8838
5.3958496E-4
124.79106
49.988716
152.76103
167.2277
129.8838
5.3958496E-4
124.79106
49.945736
152.8746
167.07114
129.8838
5.3958496E-4
124.79106
49.90229
152.98746
166.91486
129.8838
5.3958496E-4
124.79106
49.858383
153.0996
166.75879
129.8838
5.3958496E-4
124.79106
49.814
153.211
166.603
129.8838
5.3958496E-4
124.79106
49.76915
153.3217
166.44745
129.8838
5.3958496E-4
124.79106
49.72385
153.43167
166.29218
129.8838
5.3958496E-4
124.79106
49.678078
153.54092
166.13715
129.8838
5.3958496E-4
124.79106
49.631844
153.64948
165.98236
129.8838
5.3958496E-4
124.79106
49.58515
153.75731
165.82784
129.8838
5.3958496E-4
124.79106
49.538
153.86444
165.67355
129.8838
5.3958496E-4
124.79106
49.490395
153.97086
165.51955
129.8838
5.3958496E-4
124.79106
49.442337
154.07658
165.36575
129.8838
5.3958496E-4
124.79106
49.39383
154.1816
165.21225
129.8838
5.3958496E-4
124.79106
49.34486
154.2859
165.05894
129.8838
5.3958496E-4
124.79106
49.29545
154.38954
164.90591
129.8838
5.3958496E-4
124.79106
49.245586
154.49246
164.75313
129.8838
5.3958496E-4
124.79106
49.19528
154.5947
164.6006
129.8838
5.3958496E-4
124.79106
49.144524
154.69624
164.44827
129.8838
5.3958496E-4
124.79106
49.093334
154.7971
164.29623
129.8838
5.3958496E-4
124.79106
49.041695
154.89726
164.14442
129.8838
5.3958496E-4
124.79106
48.989613
154.99677
163.99284
129.8838
5.3958496E-4
124.79106
48.93709
155.09555
163.84154
129.8838
5.3958496E-4
124.79106
48.884132
155.1937
163.69044
129.8838
5.3958496E-4
124.79106
48.830734
155.29114
163.53961
129.8838
5.3958496E-4
124.79106
48.776905
155.38791
163.389
129.8838
5.3958496E-4
124.79106
48.722637
155.48401
163.23865
129.8838
5.3958496E-4
124.79106
48.667946
155.57942
163.08853
129.8838
5.3958496E-4
124.79106
48.61281
155.67418
162.93864
129.8838
5.3958496E-4
124.79106
48.55726
155.76825
162.789
129.8838
5.3958496E-4
124.79106
48.501263
155.86168
162.63959
129.8838
5.3958496E-4
124.79106
48.444847
155.95444
162.49042
129.8838
5.3958496E-4
124.79106
48.388012
156.04651
162.34152
129.8838
0.0
124.79106
48.388012
156.04651
162.34152
129.8838
1.0000012
124.79106
48.388012
156.04651
162.34152
129.8838
2.0000024
124.79106
48.388012
156.04651
162.34152
129.8838
2.9999967
124.79106
48.388012
156.04651
162.34152
129.8838
3.9999979
124.79106
48.388012
156.04651
162.34152
129.8838
4.999999
124.79106
48.388012
156.04651
162.34152
129.8838
6.0
124.79106
48.388012
156.04651
162.34152
129.8838
7.0000014
124.79106
48.388012
156.04651
162.34152
129.8838
7.9999986
124.79106
48.388012
156.04651
162.34152
129.8838
9.0
124.79106
48.388012
156.04651
162.34152
129.8838
9.999998
124.79106
48.388012
156.04651
162.34152
129.8838
10.999999
124.79106
48.388012
156.04651
162.34152
129.8838
12.0
124.79106
48.388012
156.04651
162.34152
129.8838
13.000001
124.79106
48.388012
156.04651
162.34152
129.8838
13.999999
124.79106
48.388012
156.04651
162.34152
129.8838
15.0
124.79106
48.388012
156.04651
162.34152
129.8838
15.999997
124.79106
48.388012
156.04651
162.34152
129.8838
17.0
124.79106
48.388012
156.04651
162.34152
129.8838
18.0
124.79106
48.388012
156.04651
162.34152
129.8838
19.000002
124.79106
48.388012
156.04651
162.34152
129.8838
20.0
124.79106
48.388012
156.04651
162.34152
129.8838
21.0
124.79106
48.388012
156.04651
162.34152
129.8838
21.999998
124.79106
48.388012
156.04651
162.34152
129.8838
22.999998
124.79106
48.388012
156.04651
162.34152
129.8838
24.0
124.79106
48.388012
156.04651
162.34152
129.8838
25.000002
124.79106
48.388012
156.04651
162.34152
129.8838
25.999998
124.79106
48.388012
156.04651
162.34152
129.8838
26.999996
124.79106
48.388012
156.04651
162.34152
129.8838
27.999998
124.79106
48.388012
156.04651
162.34152
129.8838
28.999998
124.79106
48.388012
156.04651
162.34152
129.8838
30.0
124.79106
48.388012
156.04651
162.34152
129.8838
30.999998
124.79106
48.388012
156.04651
162.34152
129.8838
32.0
124.79106
48.388012
156.04651
162.34152
129.8838
33.0
124.79106
48.388012
156.04651
162.34152
129.8838
34.0
124.79106
48.388012
156.04651
162.34152
129.8838
35.0
124.79106
48.388012
156.04651
162.34152
129.8838
36.0
124.79106
48.388012
156.04651
162.34152
129.8838
36.999996
124.79106
48.388012
156.04651
162.34152
129.8838
38.0
124.79106
48.388012
156.04651
162.34152
129.8838
39.0
124.79106
48.388012
156.04651
162.34152
129.8838
40.0
124.79106
48.388012
156.04651
162.34152
129.8838
41.0
124.79106
48.388012
156.04651
162.34152
129.8838
42.0
124.79106
48.388012
156.04651
162.34152
129.8838
43.0
124.79106
48.388012
156.04651
162.34152
129.8838
43.999996
124.79106
48.388012
156.04651
162.34152
129.8838
45.0
124.79106
48.388012
156.04651
162.34152
129.8838
45.999996
124.79106
48.388012
156.04651
162.34152
129.8838
47.0
124.79106
48.388012
156.04651
162.34152
129.8838
48.0
124.79106
48.388012
156.04651
162.34152
129.8838
48.999996
124.79106
48.388012
156.04651
162.34152
129.8838
50.0
124.79106
48.388012
156.04651
162.34152
129.8838
50.999996
124.79106
48.388012
156.04651
162.34152
129.8838
51.999996
124.79106
48.388012
156.04651
162.34152
129.8838
53.0
124.79106
48.388012
156.04651
162.34152
129.8838
53.999996
124.79106
48.17596
156.3785
161.79745
129.8838
55.0
124.79106
48.23436
156.28885
161.94551
129.8838
55.0
124.79106
48.292328
156.19852
162.09383
129.8838
55.0
124.79106
48.349873
156.10753
162.24234
129.8838
55.0
124.79106
48.407
156.01588
162.3911
129.8838
55.0
124.79106
48.463703
155.92358
162.54012
129.8838
55.0
124.79106
48.519978
155.83061
162.68936
129.8838
55.0
124.79106
48.575817
155.73697
162.83885
129.8838
55.0
124.79106
48.631237
155.64265
162.98859
129.8838
55.0
124.79106
48.686222
155.5477
163.13855
129.8838
55.0
124.79106
48.740776
155.45204
163.28873
129.8838
55.0
124.79106
48.794895
155.35573
163.43918
129.8838
55.0
124.79106
48.848583
155.25873
163.58984
129.8838
55.0
124.79106
48.901836
155.16106
163.74078
129.8838
55.0
124.79106
48.954647
155.0627
163.89194
129.8838
55.0
124.79106
49.007015
154.96367
164.04335
129.8838
55.0
124.79106
49.058956
154.86397
164.195
129.8838
55.0
124.79106
49.11045
154.76357
164.34688
129.8838
55.0
124.79106
49.16149
154.66248
164.49902
129.8838
55.0
124.79106
49.212097
154.5607
164.6514
129.8838
55.0
124.79106
49.26226
154.45822
164.80403
129.8838
55.0
124.79106
49.31197
154.35506
164.95691
129.8838
55.0
124.79106
49.36123
154.2512
165.11002
129.8838
55.0
124.79106
49.41004
154.14665
165.26338
129.8838
55.0
124.79106
49.45841
154.04141
165.41698
129.8838
55.0
124.79106
49.506313
153.93547
165.57085
129.8838
55.0
124.79106
49.553772
153.82881
165.72498
129.8838
55.0
124.79106
49.60076
153.72144
165.87933
129.8838
55.0
124.79106
49.64731
153.61339
166.03392
129.8838
55.0
124.79106
49.693382
153.5046
166.1888
129.8838
55.0
124.79106
49.739
153.3951
166.3439
129.8838
55.0
124.79106
49.784157
153.28488
166.49927
129.8838
55.0
124.79106
49.828854
153.17395
166.6549
129.8838
55.0
124.79106
49.87307
153.0623
166.81078
129.8838
55.0
124.79106
49.916832
152.94992
166.9669
129.8838
55.0
124.79106
49.960125
152.83682
167.1233
129.8838
55.0
124.79106
50.002937
152.72299
167.27994
129.8838
55.0
124.79106
50.04528
152.60844
167.43684
129.8838
55.0
124.79106
50.087154
152.49315
167.59401
129.8838
55.0
124.79106
50.128544
152.37712
167.75145
129.8838
55.0
124.79106
50.16947
152.26035
167.90913
129.8838
55.0
124.79106
50.20991
152.14282
168.06708
129.8838
55.0
124.79106
50.24987
152.02457
168.2253
129.8838
55.0
124.79106
50.28935
151.90556
168.38377
129.8838
55.0
124.79106
50.32833
151.78581
168.54251
129.8838
55.0
124.79106
50.366837
151.6653
168.70154
129.8838
55.0
124.79106
50.40485
151.54402
168.86082
129.8838
55.0
124.79106
50.442383
151.422
169.02037
129.8838
55.0
124.79106
50.479412
151.29921
169.1802
129.8838
55.0
124.79106
50.515957
151.17564
169.34032
129.8838
55.0
124.79106
50.551994
151.0513
169.50067
129.8838
55.0
124.79106
50.587543
150.92621
169.66135
129.8838
55.0
124.79106
50.62258
150.80032
169.82227
129.8838
55.0
124.79106
50.657127
150.67368
169.98346
129.8838
55.0
124.79106
50.691162
150.54622
170.14494
129.8838
55.0
124.79106
50.7247
150.41797
170.30672
129.8838
55.0
124.79106
50.757725
150.28894
170.4688
129.8838
55.0
124.79106
50.79024
150.15913
170.63112
129.8838
55.0
124.79106
50.82224
150.0285
170.79375
129.8838
55.0
124.79106
50.853733
149.8971
170.95665
129.8838
55.0
124.79106
50.8847
149.76486
171.11984
129.8838
55.0
124.79106
50.915146
149.63182
171.28334
129.8838
55.0
124.79106
50.945084
149.49796
171.44711
129.8838
55.0
124.79106
50.974495
149.36328
171.6112
129.8838
55.0
124.79106
51.00337
149.22778
171.77559
129.8838
55.0
124.79106
51.031727
149.09146
171.94026
129.8838
55.0
126.27303
51.059544
148.95432
172.10524
130.0
55.0
126.5595
51.059544
148.95432
172.10524
126.09833
55.0
126.84598
51.059544
148.95432
172.10524
122.56796
55.0
127.13247
51.059544
148.95432
172.10524
119.37355
55.0
127.41895
51.059544
148.95432
172.10524
116.48312
55.0
127.70542
51.059544
148.95432
172.10524
113.86776
55.0
127.991905
51.059544
148.95432
172.10524
111.501274
55.0
128.27838
51.059544
148.95432
172.10524
109.36
55.0
128.56487
51.059544
148.95432
172.10524
107.422485
55.0
128.85133
51.059544
148.95432
172.10524
105.66936
55.0
129.13783
51.059544
148.95432
172.10524
104.08305
55.0
129.42429
51.059544
148.95432
172.10524
102.647705
55.0
129.71078
51.059544
148.95432
172.10524
101.34896
55.0
129.99725
51.05953
148.9543
172.10524
100.17379
55.0
130.28374
51.059544
148.95432
172.10524
99.11047
55.0
130.5702
51.059544
148.95432
172.10524
98.14834
55.0
130.8567
51.059544
148.95432
172.10524
97.277756
55.0
131.14316
51.059544
148.95432
172.10524
96.49002
55.0
131.42966
51.059544
148.95432
172.10524
95.77725
55.0
131.71614
51.059544
148.95432
172.10524
95.13231
55.0
132.00261
51.059544
148.95432
172.10524
94.54875
55.0
132.28908
51.059544
148.95432
172.10524
94.02071
55.0
132.57556
51.059544
148.95432
172.10524
93.54292
55.0
132.86206
51.059544
148.95432
172.10524
93.11061
55.0
133.14853
51.05953
148.9543
172.10524
92.71944
55.0
133.43501
51.05953
148.9543
172.10524
92.365486
55.0
133.72148
51.059544
148.95432
172.10524
92.04521
55.0
134.00797
51.059544
148.95432
172.10524
91.755424
55.0
134.29443
51.059544
148.95432
172.10524
91.49322
55.0
134.5809
51.059544
148.95432
172.10524
91.25595
55.0
134.8674
51.05953
148.9543
172.10524
91.04127
55.0
135.15388
51.059544
148.95432
172.10524
90.847015
55.0
135.44035
51.059544
148.95432
172.10524
90.67125
55.0
135.72684
51.05953
148.9543
172.10524
90.5122
55.0
136.0133
51.059544
148.95432
172.10524
90.3683
55.0
136.2998
51.059544
148.95432
172.10524
90.2381
55.0
136.58626
51.059544
148.95432
172.10524
90.12027
55.0
136.87276
51.059544
148.95432
172.10524
90.013664
55.0
137.15923
51.059544
148.95432
172.10524
89.917206
55.0
137.44571
51.059544
148.95432
172.10524
89.82992
55.0
137.7322
51.059544
148.95432
172.10524
89.75094
55.0
138.01868
51.059544
148.95432
172.10524
89.679474
55.0
138.30513
51.059544
148.95432
172.10524
89.61482
55.0
138.59163
51.059544
148.95432
172.10524
89.55631
55.0
138.8781
51.059544
148.95432
172.10524
89.50337
55.0
139.16458
51.05953
148.9543
172.10524
89.45547
55.0
139.45105
51.059544
148.95432
172.10524
89.412125
55.0
139.73753
51.059544
148.95432
172.10524
89.37291
55.0
140.02403
51.059544
148.95432
172.10524
89.33742
55.0
140.3105
51.059544
148.95432
172.10524
89.30531
55.0
140.59698
51.059544
148.95432
172.10524
89.27627
55.0
140.88345
51.059544
148.95432
172.10524
89.24997
55.0
141.16994
51.059544
148.95432
172.10524
89.22618
55.0
141.4564
51.059544
148.95432
172.10524
89.20465
55.0
141.74287
51.05953
148.9543
172.10524
89.18517
55.0
142.02937
51.059544
148.95432
172.10524
89.16756
55.0
142.31586
51.059544
148.95432
172.10524
89.15161
55.0
142.60233
51.059544
148.95432
172.10524
89.13719
55.0
142.88881
51.059544
148.95432
172.10524
89.12413
55.0
143.17528
51.059544
148.95432
172.10524
89.11232
55.0
143.46178
51.05953
148.95427
172.10524
89.10164
55.0
143.74823
51.059544
148.95432
172.10524
89.09196
55.0
144.03473
51.059544
148.95432
172.10524
89.083206
55.0
144.3212
51.059544
148.95432
172.10524
89.075294
55.0
144.60768
51.05953
148.9543
172.10524
89.06812
55.0
144.89415
51.05953
148.9543
172.10524
89.061646
55.0
145.18065
51.05953
148.9543
172.10524
89.05578
55.0
145.4671
51.059544
148.95432
172.10524
89.05047
55.0
145.7536
51.05953
148.9543
172.10524
89.04567
55.0
146.04007
51.05953
148.9543
172.10524
89.04132
55.0
146.32655
51.059544
148.95432
172.10524
89.037384
55.0
146.61302
51.059544
148.95432
172.10524
89.03383
55.0
146.8995
51.059544
148.95432
172.10524
89.03061
55.0
147.18597
51.05953
148.9543
172.10524
89.027695
55.0
147.47247
51.059544
148.95432
172.10524
89.02506
55.0
147.75894
51.059544
148.95432
172.10524
89.02267
55.0
148.04543
51.05953
148.9543
172.10524
89.02052
55.0
148.33191
51.05953
148.9543
172.10524
89.01857
55.0
148.61838
51.059555
148.95432
172.10522
89.0168
55.0
148.90488
51.059544
148.95432
172.10524
89.0152
55.0
149.19135
51.05953
148.9543
172.10524
89.013756
55.0
149.47783
51.059544
148.95432
172.10524
89.01245
55.0
149.7643
51.05953
148.9543
172.10524
89.01127
55.0
150.05078
51.059544
148.95432
172.10524
89.0102
55.0
150.33725
51.059544
148.95432
172.10524
89.00922
55.0
150.62375
51.05953
148.9543
172.10524
89.00834
55.0
150.9102
51.059544
148.95432
172.10524
89.00755
55.0
151.1967
51.059544
148.95432
172.10524
89.006836
55.0
151.48317
51.059544
148.95432
172.10524
89.00617
55.0
151.76965
51.059544
148.95432
172.10524
89.00559
55.0
152.05612
51.059544
148.95432
172.10524
89.00506
55.0
152.34262
51.059544
148.95432
172.10524
89.004585
55.0
152.62907
51.059544
148.95432
172.10524
89.00414
55.0
152.91557
51.05953
148.9543
172.10524
89.00375
55.0
153.20204
51.059544
148.95432
172.10524
89.00339
55.0
153.48853
51.059544
148.95432
172.10524
89.00307
55.0
153.775
51.059544
148.95432
172.10524
89.00278
55.0
154.06148
51.05953
148.9543
172.10524
89.00251
55.0
154.34795
51.059544
148.95432
172.10524
89.00227
55.0
154.63445
51.059544
148.95432
172.10524
89.00206
55.0
154.92093
51.059544
148.95432
172.10524
89.00186
55.0
155.2074
51.059544
148.95432
172.10524
89.00168
55.0
155.49388
51.059544
148.95432
172.10524
89.001526
55.0
155.78035
51.05953
148.9543
172.10524
89.00137
55.0
156.06685
51.059544
148.95432
172.10524
89.00125
55.0
156.35332
51.05953
148.9543
172.10524
89.00114
55.0
156.6398
51.059544
148.95432
172.10524
89.00103
55.0
156.92627
51.059544
148.95432
172.10524
89.00092
55.0
157.21275
51.059544
148.95432
172.10524
89.00084
55.0
157.49922
51.059544
148.95432
172.10524
89.00076
55.0
157.78572
51.059555
148.95432
172.10522
89.00069
55.0
158.07219
51.059544
148.95432
172.10524
89.000626
55.0
158.35867
51.05953
148.9543
172.10524
89.00056
55.0
158.64514
51.05953
148.9543
172.10524
89.0005
55.0
158.93163
51.059544
148.95432
172.10524
89.00045
55.0
159.2181
51.05953
148.9543
172.10524
89.00041
55.0
159.5046
51.059544
148.95432
172.10524
89.00039
55.0
159.79105
51.059544
148.95432
172.10524
89.000336
55.0
160.07755
51.05953
148.9543
172.10524
89.000305
55.0
160.36401
51.05953
148.9543
172.10524
89.00028
55.0
160.6505
51.05953
148.9543
172.10524
89.00025
55.0
160.93697
51.05953
148.9543
172.10524
89.00023
55.0
161.22346
51.05953
148.9543
172.10524
89.0002
55.0
161.50995
51.05953
148.9543
172.10524
89.00018
55.0
161.79642
51.05953
148.9543
172.10524
89.000175
55.0
162.0829
51.059544
148.95432
172.10524
89.00015
55.0
162.36937
51.05953
148.9543
172.10524
89.00013
55.0
162.65585
51.05953
148.9543
172.10524
89.00012
55.0
162.94232
51.059544
148.95432
172.10524
89.00011
55.0
163.22882
51.05953
148.9543
172.10524
89.00011
55.0
163.51529
51.059544
148.95432
172.10524
89.00009
55.0
163.80177
51.05953
148.9543
172.10524
89.000084
55.0
164.08824
51.059544
148.95432
172.10524
89.00008
55.0
164.37473
51.059544
148.95432
172.10524
89.00007
55.0
164.6612
51.059544
148.95432
172.10524
89.00007
55.0
164.94768
51.059544
148.95432
172.10524
89.00007
55.0
165.23416
51.05953
148.9543
172.10524
89.000046
55.0
165.52065
51.05953
148.9543
172.10524
89.000046
55.0
165.80711
51.05953
148.9543
172.10524
89.000046
55.0
166.0936
51.059544
148.95432
172.10524
89.00004
55.0
166.38007
51.05953
148.9543
172.10524
89.00002
55.0
166.66656
51.059544
148.95432
172.10524
89.00002
55.0
166.95302
51.05953
148.9543
172.10524
89.00002
55.0
167.23952
51.059544
148.95432
172.10524
89.00002
55.0
167.52599
51.059544
148.95432
172.10524
89.00002
55.0
167.81247
51.059544
148.95432
172.10524
89.000015
55.0
168.09894
51.059544
148.95432
172.10524
89.000015
55.0
168.38542
51.059544
148.95432
172.10524
89.000015
55.0
168.6719
51.059544
148.95432
172.10524
89.000015
55.0
168.95839
51.059544
148.95432
172.10524
89.000015
55.0
169.24487
51.059544
148.95432
172.10524
89.000015
55.0
169.53134
51.05953
148.9543
172.10524
89.000015
55.0
169.81784
51.05953
148.9543
172.10524
89.000015
55.0
170.1043
51.05953
148.9543
172.10524
89.000015
55.0
170.3908
51.059544
148.95432
172.10524
89.00001
55.0
170.67726
51.059544
148.95432
172.10524
89.00001
55.0
170.96375
51.05953
148.9543
172.10524
89.00001
55.0
171.25021
51.059544
148.95432
172.10524
89.00001
55.0
171.5367
51.059544
148.95432
172.10524
89.0
55.0
171.82317
51.059544
148.95432
172.10524
89.0
55.0
172.10965
51.05953
148.9543
172.10524
89.0
55.0
172.39613
51.059544
148.95432
172.10524
89.0
55.0
172.68262
51.05953
148.9543
172.10524
89.0
55.0
172.96909
51.05953
148.9543
172.10524
89.0
55.0
173.25557
51.05953
148.9543
172.10524
89.0
55.0
173.54204
51.059544
148.95432
172.10524
89.0
55.0
173.82854
51.059544
148.95432
172.10524
89.0
55.0
174.11499
51.059544
148.95432
172.10524
89.0
55.0
174.40149
51.05953
148.9543
172.10524
89.0
55.0
174.68796
51.059544
148.95432
172.10524
89.0
55.0
174.97444
51.059544
148.95432
172.10524
89.0
55.0
175.26091
51.05953
148.9543
172.10524
89.0
55.0
175.5474
51.05953
148.9543
172.10524
89.0
55.0
175.83388
51.059544
148.95432
172.10524
89.0
55.0
176.12036
51.05953
148.9543
172.10524
89.0
55.0
176.40685
51.05953
148.9543
172.10524
89.0
55.0
176.69331
51.059544
148.95432
172.10524
89.0
55.0
176.97981
51.059544
148.95432
172.10524
89.0
55.0
177.26627
51.059544
148.95432
172.10524
89.0
55.0
177.55276
51.05953
148.9543
172.10524
89.0
55.0
177.83923
51.059544
148.95432
172.10524
89.0
55.0
178.12572
51.059544
148.95432
172.10524
89.0
55.0
178.41219
51.059544
148.95432
172.10524
89.0
55.0
178.69867
51.05953
148.9543
172.10524
89.0
55.0
178.98514
51.059544
148.95432
172.10524
89.0
55.0
179.27162
51.059544
148.95432
172.10524
89.0
55.0
179.5581
51.059544
148.95432
172.10524
89.0
55.0
179.84459
51.059544
148.95432
172.10524
89.0
55.0
179.84459
51.059544
148.95432
172.10524
89.0
54.0
179.84459
51.059544
148.95432
172.10524
89.0
53.0
179.84459
51.059544
148.95432
172.10524
89.0
51.999996
179.84459
51.059544
148.95432
172.10524
89.0
50.999996
179.84459
51.059544
148.95432
172.10524
89.0
50.0
179.84459
51.059544
148.95432
172.10524
89.0
48.999996
179.84459
51.059544
148.95432
172.10524
89.0
48.0
179.84459
51.059544
148.95432
172.10524
89.0
47.0
179.84459
51.059544
148.95432
172.10524
89.0
45.999996
179.84459
51.059544
148.95432
172.10524
89.0
45.0
179.84459
51.059544
148.95432
172.10524
89.0
43.999996
179.84459
51.059544
148.95432
172.10524
89.0
43.0
179.84459
51.059544
148.95432
172.10524
89.0
42.0
179.84459
51.059544
148.95432
172.10524
89.0
41.0
179.84459
51.059544
148.95432
172.10524
89.0
40.0
179.84459
51.059544
148.95432
172.10524
89.0
39.0
179.84459
51.059544
148.95432
172.10524
89.0
38.0
179.84459
51.059544
148.95432
172.10524
89.0
36.999996
179.84459
51.059544
148.95432
172.10524
89.0
36.0
179.84459
51.059544
148.95432
172.10524
89.0
35.0
179.84459
51.059544
148.95432
172.10524
89.0
34.0
179.84459
51.059544
148.95432
172.10524
89.0
33.0
179.84459
51.059544
148.95432
172.10524
89.0
32.0
179.84459
51.059544
148.95432
172.10524
89.0
30.999998
179.84459
51.059544
148.95432
172.10524
89.0
30.0
179.84459
51.059544
148.95432
172.10524
89.0
28.999998
179.84459
51.059544
148.95432
172.10524
89.0
28.0
179.84459
51.059544
148.95432
172.10524
89.0
27.0
179.84459
51.059544
148.95432
172.10524
89.0
25.999998
179.84459
51.059544
148.95432
172.10524
89.0
24.999998
179.84459
51.059544
148.95432
172.10524
89.0
24.0
179.84459
51.059544
148.95432
172.10524
89.0
22.999998
179.84459
51.059544
148.95432
172.10524
89.0
21.999998
179.84459
51.059544
148.95432
172.10524
89.0
21.0
179.84459
51.059544
148.95432
172.10524
89.0
20.0
179.84459
51.059544
148.95432
172.10524
89.0
18.999998
179.84459
51.059544
148.95432
172.10524
89.0
18.0
179.84459
51.059544
148.95432
172.10524
89.0
17.0
179.84459
51.059544
148.95432
172.10524
89.0
15.999997
179.84459
51.059544
148.95432
172.10524
89.0
15.0
179.84459
51.059544
148.95432
172.10524
89.0
13.999999
179.84459
51.059544
148.95432
172.10524
89.0
12.999998
179.84459
51.059544
148.95432
172.10524
89.0
12.0
179.84459
51.059544
148.95432
172.10524
89.0
10.999999
179.84459
51.059544
148.95432
172.10524
89.0
9.999998
179.84459
51.059544
148.95432
172.10524
89.0
9.0
179.84459
51.059544
148.95432
172.10524
89.0
7.9999986
179.84459
51.059544
148.95432
172.10524
89.0
7.0000014
179.84459
51.059544
148.95432
172.10524
89.0
6.0
179.84459
51.059544
148.95432
172.10524
89.0
4.999999
179.84459
51.059544
148.95432
172.10524
89.0
4.000005
179.84459
51.059544
148.95432
172.10524
89.0
3.0000036
179.84459
51.059544
148.95432
172.10524
89.0
2.0000024
179.84459
51.059544
148.95432
172.10524
89.0
1.0000012
179.84459
51.059544
148.95432
172.10524
89.0
-1.0000012
179.84459
51.059544
148.95432
172.10524
89.0
0.0956568
179.84459
51.059544
148.95432
172.10524
89.0
1.1728528
179.84459
51.059544
148.95432
172.10524
89.0
2.231887
179.84459
51.059544
148.95432
172.10524
89.0
3.2730675
179.84459
51.059544
148.95432
172.10524
89.0
4.2967014
179.84459
51.059544
148.95432
172.10524
89.0
5.303075
179.84459
51.059544
148.95432
172.10524
89.0
6.292489
179.9812
50.828243
150.00366
170.82458
78.55583
7.265231
179.69473
50.796944
150.13193
170.66504
77.231674
8.221567
179.40823
50.7657
150.2573
170.5084
75.92983
9.161783
179.12175
50.734535
150.37984
170.35469
74.64994
10.086154
178.83527
50.703438
150.4996
170.20383
73.39161
10.994945
178.5488
50.672432
150.61668
170.05576
72.1545
11.888415
178.26231
50.641525
150.73114
169.91037
70.93825
12.766822
177.97583
50.610764
150.84306
169.76768
69.742485
13.630427
177.68936
50.580124
150.9525
169.62761
68.56688
14.479475
177.40288
50.549633
151.05952
169.4901
67.41109
15.314205
177.11641
50.5193
151.16415
169.35513
66.2748
16.13487
176.82993
50.489136
151.26654
169.2226
65.157646
16.941696
176.54346
50.459145
151.36664
169.0925
64.05933
17.734928
176.25696
50.429356
151.4646
168.96475
62.979527
18.514788
175.9705
50.399754
151.56042
168.83932
61.917927
19.281502
175.684
50.370342
151.65416
168.71619
60.874214
20.035286
175.39752
50.34117
151.7459
168.59526
59.848095
20.776373
175.11104
50.312195
151.83565
168.47656
58.839275
21.504963
174.82457
50.28344
151.92345
168.35999
57.84747
22.221275
174.53809
50.254936
152.00941
168.2455
56.872368
22.925508
174.25162
50.226658
152.09355
168.1331
55.913715
23.61787
173.96513
50.198597
152.17586
168.02274
54.97122
24.298569
173.67867
50.170815
152.25647
167.91435
54.0446
24.967785
173.39218
50.14327
152.33537
167.8079
53.13361
25.625723
173.10571
50.11597
152.4126
167.70335
52.23797
26.272573
172.81923
50.088913
152.4882
167.6007
51.35743
26.908522
172.53276
50.062134
152.56224
167.4999
50.491737
27.533741
172.24626
50.03561
152.63472
167.40088
49.64063
28.148432
171.95978
50.00937
152.70575
167.30362
48.80387
28.75276
171.6733
49.983376
152.77525
167.20811
47.981216
29.346897
171.38683
49.957645
152.84337
167.11427
47.17243
29.931017
171.10034
49.932182
152.91
167.02217
46.377277
30.505297
170.81386
49.907
152.97533
166.93166
45.595524
31.069897
170.52739
49.88208
153.03929
166.8428
44.826954
31.624977
170.2409
49.85743
153.10194
166.75548
44.07134
32.170704
169.95444
49.833076
153.16338
166.66971
43.328457
32.707222
169.66795
49.808964
153.22348
166.58551
42.598106
33.234703
169.38148
49.785152
153.28242
166.50275
41.88005
33.753292
169.09499
49.7616
153.34015
166.42145
41.174107
34.26314
168.80852
49.738323
153.3967
166.34163
40.480064
34.764393
168.52203
49.71533
153.45213
166.2632
39.797714
35.257202
168.23555
49.692585
153.50644
166.18614
39.126873
35.7417
167.94907
49.67013
153.55966
166.11047
38.46734
36.21803
167.6626
49.647938
153.61182
166.0361
37.81892
36.68633
167.37613
49.626022
153.66296
165.96307
37.181435
37.146736
167.08965
49.60439
153.71309
165.8913
36.5547
37.599384
166.80316
49.583
153.76216
165.82082
35.938515
38.044403
166.5167
49.56189
153.81033
165.75156
35.33273
38.481915
166.23021
49.541046
153.85751
165.68353
34.73715
38.91206
165.94374
49.52048
153.9038
165.61668
34.151608
39.33495
165.65724
49.50016
153.94916
165.551
33.575935
39.750713
165.37079
49.480095
153.9936
165.4865
33.009968
40.159466
165.08429
49.460316
154.03722
165.4231
32.453537
40.56133
164.7978
49.44078
154.07996
165.36081
31.906498
40.956417
164.51132
49.42149
154.12186
165.29962
31.368671
41.34485
164.22485
49.402466
154.16296
165.2395
30.839912
41.72673
163.93837
49.383717
154.2033
165.18042
30.32006
42.102177
163.65189
49.365177
154.24277
165.12239
29.808973
42.471294
163.36542
49.346924
154.28157
165.06537
29.306507
42.83419
163.07893
49.3289
154.31956
165.00934
28.812506
43.190964
162.79247
49.311115
154.35683
164.95428
28.326836
43.54173
162.50598
49.293575
154.39339
164.90019
27.84935
43.88658
162.21951
49.276295
154.42926
164.84702
27.379915
44.225616
161.93301
49.259235
154.46443
164.79482
26.918392
44.558937
161.64655
49.24242
154.49896
164.74347
26.464642
44.886646
161.36006
49.22583
154.53276
164.69307
26.018545
45.208828
161.0736
49.20947
154.56598
164.64351
25.579971
45.525578
160.78711
49.193356
154.59854
164.59482
25.148787
45.836987
160.50063
49.177467
154.63051
164.54695
24.724869
46.14315
160.21414
49.161804
154.66187
164.49994
24.308098
46.44415
159.92767
49.14634
154.6926
164.45374
23.898354
46.740078
159.64119
49.131123
154.7228
164.40834
23.495522
47.031013
159.35472
49.116123
154.75241
164.36371
23.099464
47.31705
159.06824
49.10133
154.78145
164.31989
22.71009
47.598263
158.78175
49.086746
154.80995
164.27681
22.327286
47.874737
158.49527
49.072372
154.8379
164.23445
21.950928
48.14655
158.2088
49.058212
154.86536
164.19286
21.580917
48.41378
157.92232
49.04426
154.8923
164.15198
21.217148
48.676506
157.63585
49.03052
154.91875
164.11179
20.859505
48.934807
157.34937
49.01697
154.94467
164.07231
20.507889
49.188747
157.06287
49.00363
154.97012
164.0335
20.1622
49.438408
156.77641
48.99047
154.99512
163.99535
19.82234
49.683865
156.48991
48.97752
155.01964
163.9579
19.488205
49.925182
156.20345
48.96476
155.0437
163.92105
19.159714
50.16243
155.91696
48.95217
155.0673
163.88486
18.836746
50.395683
155.6305
48.9398
155.0905
163.84929
18.519226
50.625
155.344
48.927578
155.11325
163.81432
18.207062
50.85045
155.05754
48.915573
155.13562
163.77995
17.900152
51.072105
154.77104
48.903725
155.15752
163.7462
17.598429
51.29002
154.48457
48.892075
155.17906
163.71303
17.30178
51.50427
154.19809
48.88059
155.2002
163.6804
17.01014
51.714893
153.91162
48.86927
155.22093
163.64835
16.72341
51.921978
153.62514
48.858143
155.2413
163.61685
16.44152
52.12557
153.33865
48.847176
155.26129
163.58589
16.164368
52.325733
153.05217
48.836357
155.2809
163.55547
15.8919
52.522514
152.76569
48.82572
155.30019
163.52554
15.6240225
52.715984
152.47922
48.815254
155.3191
163.49614
15.360657
52.90619
152.19275
48.804943
155.33769
163.46725
15.10173
53.09319
151.90627
48.794785
155.35593
163.43886
14.847176
53.27704
151.61978
48.784786
155.37383
163.41095
14.596901
53.457787
151.3333
48.774937
155.39142
163.38351
14.350861
53.63549
151.04681
48.765232
155.40866
163.35655
14.108955
53.810192
150.76035
48.75569
155.42561
163.33008
13.871132
53.981956
150.47386
48.74631
155.44229
163.30402
13.637315
54.150826
150.1874
48.73705
155.45863
163.27844
13.40744
54.316845
149.9009
48.727936
155.47467
163.25328
13.181435
54.48007
149.61444
48.718983
155.49045
163.22855
12.95925
54.64054
149.32794
48.710148
155.50592
163.20422
12.740807
54.798306
149.04147
48.701466
155.5211
163.18034
12.52604
54.95341
148.75499
48.692905
155.53603
163.15688
12.314895
55.105907
148.46852
48.68448
155.55069
163.13379
12.107316
55.25583
148.18202
48.67621
155.56511
163.1111
11.903229
55.403225
147.89557
48.66805
155.57925
163.08882
11.702583
55.548134
147.60907
48.660023
155.59312
163.06688
11.505318
55.6906
147.3226
48.65212
155.60675
163.04535
11.3113785
55.830666
147.03612
48.64434
155.62018
163.02419
11.120719
55.96837
146.74962
48.63669
155.63332
163.00336
10.933267
56.103752
146.46317
48.629147
155.64624
162.9829
10.74897
56.236855
146.17668
48.621727
155.6589
162.9628
10.567772
56.367718
145.8902
48.614426
155.67139
162.94304
10.38964
56.496365
145.60371
48.607258
155.68364
162.92361
10.214508
56.62285
145.31726
48.60018
155.69566
162.90451
10.0423355
56.747196
145.03078
48.59323
155.70749
162.88574
9.8730545
56.869457
144.7443
48.586388
155.7191
162.8673
9.706635
56.98965
144.4578
48.57965
155.7305
162.84917
9.543015
57.107815
144.17133
48.57302
155.74167
162.83134
9.382157
57.224
143.88486
48.566498
155.75269
162.81381
9.224007
57.338215
143.59837
48.56008
155.76349
162.79659
9.068527
57.45051
143.31189
48.55377
155.77411
162.77966
8.915665
57.5609
143.02542
48.547543
155.78453
162.76302
8.765373
57.669453
142.73894
48.541435
155.79478
162.74666
8.61763
57.776157
142.45247
48.535423
155.80484
162.73056
8.472366
57.88107
142.16597
48.529503
155.81473
162.71477
8.329552
57.98421
141.87952
48.523678
155.82445
162.69922
8.18914
58.085613
141.59302
48.517952
155.83398
162.68396
8.051109
58.185307
141.30655
48.512302
155.84335
162.66895
7.91539
58.28333
141.02005
48.50676
155.85258
162.65417
7.781967
58.379684
140.7336
48.501286
155.8616
162.6397
7.650795
58.474422
140.4471
48.49593
155.87051
162.62544
7.5218277
58.567566
140.16064
48.490646
155.87924
162.61139
7.395042
58.65913
139.87415
48.485443
155.8878
162.59761
7.2703857
58.74917
139.58765
48.480335
155.89624
162.58409
7.147835
58.837673
139.3012
48.47529
155.90451
162.57077
7.0273514
58.924686
139.01471
48.47035
155.91267
162.55768
6.90889
59.010242
138.72823
48.465473
155.92067
162.54482
6.7924347
59.094353
138.44174
48.460686
155.92851
162.53217
6.67794
59.177044
138.15527
48.45597
155.93625
162.51973
6.5653763
59.258335
137.8688
48.451344
155.94382
162.50752
6.454704
59.338264
137.58232
48.446777
155.95128
162.4955
6.3459015
59.416843
137.29582
48.44227
155.95859
162.48369
6.2389374
59.494102
137.00935
48.437878
155.9658
162.47208
6.133774
59.570053
136.72289
48.433525
155.97285
162.46066
6.0303807
59.644726
136.4364
48.429264
155.97983
162.44945
5.928726
59.71814
136.14992
48.425056
155.98665
162.43842
5.8287888
59.79032
135.86345
48.420914
155.99332
162.42758
5.730538
59.86127
135.57697
48.41685
155.99994
162.41693
5.6339417
59.93104
135.29048
48.412857
156.00641
162.40643
5.5389786
59.999626
135.004
48.408928
156.01279
162.39613
5.44561
60.06706
134.71753
48.405056
156.01903
162.38603
5.353813
60.133354
134.43105
48.40125
156.02518
162.37607
5.263565
60.198536
134.14458
48.397507
156.03122
162.3663
5.1748424
60.262608
133.85808
48.39382
156.03714
162.35667
5.0876164
60.325607
133.57162
48.390198
156.04298
162.34723
5.001861
60.387547
133.28513
48.38664
156.04872
162.33792
4.917549
60.448437
132.99867
48.383137
156.05435
162.3288
4.834656
60.5083
132.71217
48.37968
156.05988
162.3198
4.753158
60.567158
132.42567
48.376297
156.0653
162.31097
4.6730423
60.625023
132.1392
48.372963
156.07066
162.30229
4.594269
60.68191
131.85274
48.36967
156.07591
162.29376
4.516823
60.737843
131.56625
48.36645
156.08107
162.28537
4.4406886
60.792835
131.27977
48.363274
156.08615
162.27711
4.365837
60.846893
130.9933
48.36016
156.09114
162.26901
4.292244
60.900047
130.70683
48.357086
156.09604
162.26105
4.2198944
60.9523
130.42035
48.354073
156.10085
162.25322
4.148758
61.00367
130.13385
48.351093
156.10558
162.24551
4.078827
61.054176
129.84738
48.348183
156.11023
162.23795
4.0100703
61.103836
129.56091
48.34531
156.1148
162.23051
3.9424744
61.152657
129.27443
48.342487
156.1193
162.22319
3.8760226
61.200645
128.98795
48.339695
156.12369
162.216
3.8106918
61.247837
128.70148
48.33696
156.12802
162.20892
3.7464526
61.294224
128.41498
48.33429
156.1323
162.202
3.683304
61.339836
128.12851
48.33163
156.13649
162.19516
3.6212158
61.384678
127.84204
48.329044
156.14062
162.18842
3.5601733
61.428764
127.55555
48.32649
156.14467
162.18182
3.500168
61.472103
127.269066
48.32398
156.14864
162.17532
3.441162
61.51472
126.98261
48.321495
156.15254
162.16895
3.3831558
61.556606
126.69611
48.31906
156.15639
162.16267
3.326134
61.597794
126.409645
48.316666
156.16016
162.15651
3.2700653
61.638283
126.12316
48.31433
156.16388
162.15044
3.214943
61.678097
125.836685
48.31202
156.16754
162.14447
3.1607513
61.71723
125.55019
48.309734
156.1711
162.13863
3.1074753
61.755714
125.26371
48.307503
156.17465
162.13286
3.0550919
61.793545
124.97724
48.30529
156.17809
162.12721
3.0035934
61.830738
124.690765
48.303135
156.1815
162.12164
2.9529648
61.867306
124.40429
48.301018
156.18488
162.11615
2.903183
61.90325
124.11781
48.298923
156.18814
162.11076
2.854248
61.93859
123.83132
48.29687
156.19139
162.10548
2.806137
61.973343
123.54485
48.29485
156.19456
162.10028
2.7588422
62.007504
123.25837
48.292854
156.19768
162.09517
2.7123337
62.041084
122.97189
48.290897
156.20074
162.09013
2.6666183
62.07411
122.68542
48.288963
156.20375
162.08522
2.621666
62.10657
122.39895
48.287086
156.20674
162.08034
2.5774765
62.138493
122.11247
48.285213
156.20963
162.07558
2.5340273
62.16987
121.825966
48.28339
156.21251
162.07088
2.4913101
62.20072
121.5395
48.2816
156.21533
162.06625
2.449318
62.23105
121.25302
48.279827
156.2181
162.06172
2.4080355
62.26086
120.966545
48.278084
156.22083
162.05725
2.3674393
62.290176
120.68007
48.276375
156.2235
162.05287
2.3275373
62.319
120.39358
48.274693
156.22612
162.04855
2.2882998
62.34734
120.10712
48.273037
156.22871
162.04433
2.249733
62.37519
119.820625
48.271416
156.23125
162.04016
2.2118073
62.40258
119.53414
48.26981
156.23373
162.03607
2.1745224
62.429512
119.24767
48.26824
156.23619
162.03203
2.1378708
62.45598
118.96119
48.266693
156.23862
162.02806
2.1018295
62.48201
118.67471
48.26517
156.24098
162.02419
2.0663986
62.5076
118.38822
48.263683
156.24332
162.02036
2.0315704
62.532753
118.10174
48.262207
156.2456
162.01659
1.9973297
62.557484
117.81528
48.260757
156.24785
162.0129
1.9636536
62.581802
117.52879
48.25933
156.25005
162.00926
1.9305575
62.605705
117.24232
48.257942
156.25226
162.00569
1.8980176
62.629208
116.955826
48.25656
156.2544
162.00217
1.8660202
62.652313
116.66935
48.25521
156.2565
161.99872
1.8345642
62.67503
116.38288
48.253883
156.25854
161.99533
1.80365
62.697365
116.0964
48.252567
156.26057
161.992
1.7732391
62.719326
115.80992
48.25127
156.26256
161.98871
1.7433472
62.740913
115.523445
48.250008
156.26453
161.98547
1.7139664
62.762135
115.23697
48.248787
156.26648
161.9823
1.6850739
62.783
114.95048
48.24755
156.26836
161.97919
1.6566696
62.803513
114.663994
48.246353
156.27022
161.97614
1.628746
62.82368
114.37753
48.245182
156.27208
161.9731
1.6012878
62.84351
114.09106
48.24401
156.27388
161.97015
1.5742952
62.863007
113.80457
48.242874
156.27565
161.96722
1.54776
62.88217
113.51809
48.24174
156.27737
161.96437
1.5216675
62.901016
113.231606
48.24063
156.27908
161.96155
1.4960251
62.919537
112.945145
48.239555
156.28079
161.95879
1.4708023
62.937744
112.65866
48.238487
156.28242
161.95605
1.4460144
62.955658
112.37218
48.23744
156.28407
161.95337
1.4216384
62.973263
112.08569
48.23641
156.28566
161.95074
1.3976747
62.99057
111.79922
48.2354
156.28723
161.94818
1.374115
63.00758
111.51275
48.234383
156.28876
161.94563
1.3509521
63.02431
111.22626
48.233418
156.2903
161.94312
1.3281784
63.040752
110.93977
48.232445
156.29178
161.94066
1.3057938
63.056927
110.653305
48.231495
156.29323
161.93826
1.2837828
63.07282
110.36683
48.23056
156.2947
161.93588
1.2621385
63.088455
110.080345
48.229637
156.29608
161.93353
1.2408677
63.103817
109.79385
48.228745
156.29752
161.93124
1.2199478
63.118923
109.507385
48.227848
156.29884
161.929
1.1993865
63.133774
109.22091
48.22698
156.3002
161.92679
1.1791687
63.148373
108.934425
48.226128
156.30153
161.92459
1.1592942
63.16273
108.64795
48.22529
156.30284
161.92244
1.1397476
63.176846
108.36147
48.22446
156.30412
161.92035
1.1205443
63.19072
108.075005
48.22364
156.30537
161.91826
1.1016464
63.20436
107.78852
48.222836
156.3066
161.91624
1.0830841
63.217773
107.50203
48.222042
156.30782
161.91423
1.064827
63.230957
107.21556
48.221264
156.30902
161.91225
1.046875
63.243923
106.929085
48.220516
156.3102
161.91031
1.0292281
63.256668
106.6426
48.21977
156.31137
161.90842
1.011879
63.26919
106.35612
48.21902
156.31248
161.90654
0.9948196
63.281513
106.06965
48.218304
156.31358
161.90471
0.9780502
63.29363
105.78317
48.217598
156.3147
161.9029
0.9615631
63.305534
105.49669
48.216904
156.31578
161.90111
0.9453583
63.317238
105.210205
48.216206
156.31682
161.89938
0.9294204
63.328743
104.92372
48.215534
156.31789
161.89764
0.9137573
63.340057
104.637245
48.21487
156.31891
161.89594
0.89835364
63.351185
104.35078
48.214203
156.31989
161.8943
0.8832168
63.362118
104.064285
48.213566
156.32089
161.89267
0.8683243
63.372875
103.7778
48.212936
156.32187
161.89105
0.8536911
63.383446
103.49133
48.212315
156.32283
161.88947
0.83929443
63.393837
103.20486
48.211708
156.32379
161.88792
0.82514954
63.404057
102.91837
48.211094
156.32468
161.88641
0.81124115
63.4141
102.63188
48.21051
156.3256
161.8849
0.7975693
63.42398
102.34541
48.209934
156.32649
161.88342
0.78411865
63.433685
102.05894
48.209354
156.32738
161.88199
0.77090454
63.443233
101.77246
48.208797
156.32825
161.88057
0.7579117
63.452618
101.48598
48.20824
156.32907
161.87917
0.7451324
63.461845
101.1995
48.207695
156.32991
161.87778
0.7325745
63.47092
100.91303
48.207165
156.33075
161.8764
0.72023004
63.47983
100.62655
48.206642
156.33156
161.87509
0.7080841
63.488598
100.34006
48.206127
156.33235
161.87378
0.69615173
63.49722
100.05359
48.205605
156.3331
161.8725
0.6844177
63.505695
99.76711
48.205124
156.33391
161.87123
0.6728821
63.51403
99.48063
48.204624
156.33464
161.86998
0.6615372
63.522224
99.19414
48.20414
156.33537
161.86876
0.6503906
63.530273
98.90768
48.203667
156.33612
161.86755
0.6394195
63.538193
98.6212
48.203194
156.33682
161.86638
0.62864685
63.545975
98.33472
48.20275
156.33754
161.8652
0.618042
63.55363
98.04823
48.202297
156.33824
161.86406
0.60762787
63.561157
97.76175
48.20186
156.3389
161.86295
0.5973892
63.56855
97.47527
48.20141
156.33955
161.86185
0.5873185
63.57582
97.188805
48.200977
156.34021
161.86076
0.5774154
63.582977
96.90231
48.20057
156.34087
161.8597
0.567688
63.590004
96.61583
48.200153
156.3415
161.85864
0.5581131
63.596916
96.32936
48.19975
156.34213
161.8576
0.54870605
63.60371
96.042885
48.19934
156.34276
161.8566
0.5394592
63.61039
95.7564
48.198936
156.34332
161.8556
0.530365
63.616955
95.46991
48.19857
156.34395
161.85461
0.52142334
63.62341
95.18344
48.198174
156.34451
161.85365
0.5126343
63.629757
94.896965
48.197807
156.3451
161.85272
0.5039902
63.636005
94.61049
48.197445
156.34567
161.85178
0.49549863
63.642136
94.324005
48.19707
156.3462
161.85086
0.48714447
63.648167
94.03753
48.196728
156.34677
161.84996
0.47893524
63.654102
93.75106
48.196373
156.34729
161.84906
0.47086328
63.65993
93.46458
48.196022
156.34781
161.84822
0.46292114
63.66567
93.178085
48.195694
156.34836
161.84734
0.45512396
63.671295
92.89162
48.195366
156.34886
161.84651
0.44744873
63.67684
92.60514
48.195026
156.34933
161.8457
0.4399109
63.68228
92.31866
48.194717
156.34985
161.84485
0.4324875
63.687645
92.032166
48.194405
156.35034
161.84406
0.42520142
63.692905
91.745705
48.194084
156.35078
161.84329
0.41802981
63.698082
91.45923
48.193794
156.35129
161.8425
0.41098782
63.703175
91.373314
48.193474
156.35172
161.84177
0.40406036
63.708176
91.373314
48.193474
156.35172
161.84177
0.40406036
63.708176
91.373314
48.193474
156.35172
161.84177
0.40406036
63.708176
91.373314
48.193474
156.35172
161.84177
0.40406036
63.708176
91.373314
48.193474
156.35172
161.84177
0.40406036
63.708176
91.373314
48.193474
156.35172
161.84177
0.40406036
63.708176
91.373314
48.193474
156.35172
161.84177
0.40406036
63.708176
91.373314
48.193474
156.35172
161.84177
0.40406036
63.708176
91.373314
48.193474
156.35172
161.84177
0.40406036
63.708176
91.373314
48.193474
156.35172
161.84177
0.40406036
63.708176
91.373314
48.193474
156.35172
161.84177
0.40406036
63.708176
91.373314
48.193474
156.35172
161.84177
0.40406036
63.708176
91.373314
48.193474
156.35172
161.84177
0.40406036
63.708176
91.373314
48.193474
156.35172
161.84177
0.40406036
63.708176
91.373314
48.193474
156.35172
161.84177
0.40406036
63.708176
91.373314
48.193474
156.35172
161.84177
0.40406036
63.708176
91.373314
48.193474
156.35172
161.84177
0.40406036
63.708176
91.373314
48.193474
156.35172
161.84177
0.40406036
63.708176
91.373314
48.193474
156.35172
161.84177
0.40406036
63.708176
91.373314
48.193474
156.35172
161.84177
0.40406036
63.708176
91.373314
48.193474
156.35172
161.84177
0.40406036
63.708176
91.373314
48.193474
156.35172
161.84177
0.40406036
63.708176
91.373314
48.193474
156.35172
161.84177
0.40406036
63.708176
91.373314
48.193474
156.35172
161.84177
0.40406036
63.708176
91.373314
48.193474
156.35172
161.84177
0.40406036
63.708176
91.373314
48.193474
156.35172
161.84177
0.40406036
63.708176
91.373314
48.193474
156.35172
161.84177
0.40406036
63.708176
